2.0 2.961513 4.03012065 4.03012065
3.0 -2.786573 3.12827431 3.12827431
4.0 1.993852 2.51971316 2.51971316
5.0 3.580161 1.87375647 1.87375647
6.0 0.4580148 1.68408802 1.68408802
7.0 2.497137 1.34155156 1.34155156
8.0 0.6767146 1.18776452 1.18776452
9.0 2.324671 1.30735138 1.30735138
10.0 -0.0197156 1.09956197 1.09956197
11.0 1.184941 1.00900355 1.00900355
12.0 1.476195 1.07795697 1.07795697
13.0 0.6311854 1.09402007 1.09402007
14.0 0.595275 1.12092633 1.12092633
15.0 0.8788698 1.10564445 1.10564445
16.0 0.6468342 1.16322924 1.16322924
17.0 2.001328 1.10966157 1.10966157
18.0 -1.493184 1.34396484 1.34396484
19.0 -2.131454 1.2150827 1.2150827
20.0 1.339711 1.21841691 1.21841691
21.0 1.127183 1.33669351 1.33669351
22.0 0.1880084 1.32645553 1.32645553
23.0 1.862 1.40990823 1.40990823
24.0 0.4322522 1.36955946 1.36955946
25.0 3.445005 1.44104574 1.44104574
26.0 3.583618 1.47076673 1.47076673
27.0 1.617268 1.5610389 1.5610389
28.0 4.164023 1.59705133 1.59705133
29.0 1.901511 1.6270755 1.6270755
