48.0 0.740661638 0.660646283 0.660646283
76.0 -7.770126 0.843982339 0.843982339
106.0 -27.3961489 1.16119366 1.16119366
136.0 -41.7296295 1.41644907 1.41644907
165.0 -46.6848311 1.49225779 1.49225779
195.0 -19.4602301 1.46326323 1.46326323
225.0 21.7421286 1.59717406 1.59717406
255.0 68.2563156 1.97801118 1.97801118
285.0 107.731293 2.35240984 2.35240984
315.0 119.378961 2.49179651 2.49179651
345.0 92.9381604 2.35588981 2.35588981
375.0 47.152372 2.09013949 2.09013949
405.0 -8.16462484 1.91192538 1.91192538
435.0 -55.0686284 1.88080347 1.88080347
465.0 -76.2071916 1.86654843 1.86654843
495.0 -64.1662972 1.7897703 1.7897703
525.0 -31.2072275 1.67437225 1.67437225
555.0 4.60785784 1.76691262 1.76691262
585.0 25.4254506 1.93763004 1.93763004
615.0 24.0162893 2.07008084 2.07008084
645.0 -5.07511156 2.14691724 2.14691724
675.0 -58.9325057 2.22710214 2.22710214
705.0 -99.2013219 2.33382651 2.33382651
735.0 -127.368099 2.41179735 2.41179735
765.0 -122.19631 2.40485517 2.40485517
795.0 -93.532265 2.33304995 2.33304995
825.0 -46.2438081 2.27381549 2.27381549
855.0 6.15256225 2.277191 2.277191
885.0 44.5976027 2.30835168 2.30835168
915.0 60.6380162 2.29690863 2.29690863
945.0 46.2980421 2.22080569 2.22080569
975.0 14.0205694 2.12864407 2.12864407
1005.0 -33.8361275 2.20829876 2.20829876
1035.0 -57.6422432 2.29393418 2.29393418
1065.0 -79.2433855 2.36042115 2.36042115
1095.0 -69.8143864 2.42351549 2.42351549
1125.0 -48.4699788 2.46926676 2.46926676
1155.0 -22.8085844 2.49860382 2.49860382
1185.0 -5.96347149 2.50770874 2.50770874
1215.0 3.70286891 2.49244542 2.49244542
1245.0 0.454689026 2.464618 2.464618
1275.0 -13.9487808 2.45679179 2.45679179
1305.0 -37.8166393 2.50172023 2.50172023
1335.0 -51.5933833 2.60555527 2.60555527
1365.0 -62.9567687 2.74521159 2.74521159
1395.0 -57.2560832 2.88830799 2.88830799
1425.0 -44.2513037 3.01013658 3.01013658
1455.0 -27.8445302 3.09755868 3.09755868
1485.0 -2.87064314 3.14669082 3.14669082
1515.0 6.32897959 3.16479665 3.16479665
1545.0 8.70758155 3.17133288 3.17133288
1575.0 -3.70691879 3.19454206 3.19454206
1605.0 -8.36046713 3.26353834 3.26353834
1635.0 -24.3971239 3.3944536 3.3944536
1665.0 -22.44571 3.58332414 3.58332414
1695.0 -28.8003419 3.81067775 3.81067775
1725.0 -27.8324103 4.05344031 4.05344031
1755.0 -13.3227916 4.29444107 4.29444107
1785.0 -15.8497558 4.52722609 4.52722609
1815.0 -3.15307514 4.75681291 4.75681291
1845.0 -4.34825165 4.99746748 4.99746748
1875.0 0.393331639 5.26855879 5.26855879
1905.0 -8.06061851 5.58810627 5.58810627
1935.0 -9.14853494 5.9668792 5.9668792
1965.0 -20.6383392 6.40554363 6.40554363
1988.0 -27.7939576 9.12064389 9.12064389
