2.0 0.110437 0.0614751615 0.0614751615
3.0 0.03783 0.0396450884 0.0396450884
4.0 0.01754611 0.0235603232 0.0235603232
5.0 0.0453397 0.0162989593 0.0162989593
6.0 0.01226896 0.0135650039 0.0135650039
7.0 0.003789166 0.010288692 0.010288692
8.0 0.009994089 0.00881023444 0.00881023444
9.0 0.0127871 0.0106921891 0.0106921891
10.0 -0.0008420945 0.00978119655 0.00978119655
11.0 -0.001316878 0.0101448724 0.0101448724
12.0 -0.005719897 0.010097268 0.010097268
13.0 0.007776633 0.0105093662 0.0105093662
14.0 -3.443407e-05 0.0115344805 0.0115344805
15.0 0.0001619209 0.0117477687 0.0117477687
16.0 0.006478534 0.0126622465 0.0126622465
17.0 0.01173684 0.0126837392 0.0126837392
18.0 0.01833144 0.015243413 0.015243413
19.0 0.0003609547 0.0147304121 0.0147304121
20.0 -0.006219622 0.0147975376 0.0147975376
21.0 0.03302388 0.0173028287 0.0173028287
22.0 0.0001477188 0.017476272 0.017476272
23.0 0.04086001 0.0181063207 0.0181063207
24.0 0.03566588 0.0200335507 0.0200335507
25.0 0.04066037 0.020903648 0.020903648
26.0 -0.004156013 0.0207465429 0.0207465429
27.0 0.05012292 0.0213700113 0.0213700113
28.0 0.03148314 0.0231844267 0.0231844267
29.0 -0.0002208094 0.0237116252 0.0237116252
