48.0 0.120749831 0.0181129739 0.0181129739
76.0 0.422330494 0.0269026141 0.0269026141
106.0 0.849488203 0.0391203692 0.0391203692
136.0 1.09213868 0.0478476674 0.0478476674
165.0 0.988070028 0.0515459457 0.0515459457
195.0 0.791516497 0.0555648504 0.0555648504
225.0 1.08925908 0.0692670905 0.0692670905
255.0 2.89993905 0.102145041 0.102145041
285.0 6.58736559 0.15841036 0.15841036
315.0 11.8610201 0.23074517 0.23074517
345.0 16.8843872 0.301720079 0.301720079
375.0 20.2810142 0.351019765 0.351019765
405.0 21.1597188 0.364724824 0.364724824
435.0 18.881209 0.344444745 0.344444745
465.0 13.949377 0.308645762 0.308645762
495.0 9.79139624 0.277166792 0.277166792
525.0 6.9390211 0.242666214 0.242666214
555.0 9.28007364 0.281751162 0.281751162
585.0 14.9925146 0.359342225 0.359342225
615.0 24.1163562 0.458891512 0.458891512
645.0 32.0542905 0.553243862 0.553243862
675.0 36.4396957 0.616341788 0.616341788
705.0 37.7719958 0.636278935 0.636278935
735.0 30.7773358 0.620816992 0.620816992
765.0 24.002645 0.592251834 0.592251834
795.0 17.6383877 0.57689921 0.57689921
825.0 12.6772417 0.594049333 0.594049333
855.0 14.366792 0.651279215 0.651279215
885.0 20.8271508 0.745225127 0.745225127
915.0 28.275399 0.862455222 0.862455222
945.0 37.4782495 0.98246402 0.98246402
975.0 39.8525131 1.08538475 1.08538475
1005.0 42.4210745 1.28845629 1.28845629
1035.0 38.9168322 1.40389727 1.40389727
1065.0 31.6979891 1.45285375 1.45285375
1095.0 21.5895269 1.51158047 1.51158047
1125.0 15.342884 1.5958467 1.5958467
1155.0 11.3115395 1.71407956 1.71407956
1185.0 14.0279754 1.86659875 1.86659875
1215.0 20.1239845 2.04677725 2.04677725
1245.0 27.7045515 2.2438197 2.2438197
1275.0 29.595995 2.44698205 2.44698205
1305.0 31.9984137 2.64990287 2.64990287
1335.0 28.6426329 2.85310019 2.85310019
1365.0 21.2237085 3.0635568 3.0635568
1395.0 19.0954371 3.2919119 3.2919119
1425.0 15.1794326 3.54889433 3.54889433
1455.0 10.8567065 3.84246674 3.84246674
1485.0 14.2546766 4.17641455 4.17641455
1515.0 13.2651859 4.55047098 4.55047098
1545.0 22.2540954 4.96171139 4.96171139
1575.0 8.04204237 5.40677777 5.40677777
1605.0 27.5304437 5.8841369 5.8841369
1635.0 18.7063858 6.3956101 6.3956101
1665.0 28.8882162 6.94668339 6.94668339
1695.0 21.5491927 7.5456224 7.5456224
1725.0 5.11297676 8.20191369 8.20191369
1755.0 32.5872767 8.92470383 8.92470383
1785.0 -4.81607776 9.72174708 9.72174708
1815.0 28.8334521 10.5991257 10.5991257
1845.0 0.356773508 11.5617312 11.5617312
1875.0 13.2237098 12.6142638 12.6142638
1905.0 5.05093514 13.7623896 13.7623896
1935.0 18.857697 15.013672 15.013672
1965.0 2.26761602 16.3780206 16.3780206
1988.0 4.1075914 23.6600316 23.6600316
