  0.100000000000000E+001 -0.165108458258628E+005  0.999210094957939E+000  0.999703773243699E+000  0.219709431049939E+001  0.366010687362481E-002
  0.100000000000000E+001 -0.927282631659203E+002  0.999586756728791E+000  0.999228371816973E+000  0.320421110698916E+000  0.672901353926063E-001
  0.100000000000000E+001 -0.427767545768619E+002  0.999584625008206E+000  0.999259845144338E+000  0.566731468720534E+000  0.119402052976511E+000
  0.100000000000000E+001 -0.560227291441878E+002  0.999974331133731E+000  0.999674738780147E+000  0.282062116045998E+001  0.172263499193997E+000
  0.100000000000000E+001 -0.489325242522719E+005  0.999747460348094E+000  0.999380973221466E+000  0.221702125664439E+001  0.178198823543401E-002
  0.100000000000000E+001 -0.439980127457027E+002  0.999078354552741E+000  0.999804923174619E+000  0.764070530797260E-001  0.976350347112044E-001
  0.100000000000000E+001 -0.259111363086753E+002  0.999580740811535E+000  0.999498828782732E+000  0.164237395818682E+001  0.218838946875048E+000
  0.100000000000000E+001 -0.750041548038327E+002  0.999720343552328E+000  0.999353238611329E+000  0.126504677896392E+001  0.103250589394966E+000
  0.100000000000000E+001 -0.880397557661281E+002  0.999997205727045E+000  0.999894936006435E+000  0.281436817005838E+001  0.129232714545791E+000
  0.100000000000000E+001 -0.109822989421272E+002  0.999383794684309E+000  0.999605361140998E+000  0.311103612092403E-001  0.214238960914052E+000
  0.100000000000000E+001 -0.284128049900856E+003  0.999445050763366E+000  0.999158361138659E+000  0.995969379208161E+000  0.405772532694696E-001
  0.100000000000000E+001 -0.221744489429420E+002  0.999663476829904E+000  0.999616299080542E+000  0.876175055678456E-001  0.148125579530826E+000
  0.100000000000000E+001 -0.292678654821109E+002  0.999831229863111E+000  0.999892478923124E+000  0.774640077674839E+000  0.161067898368547E+000
  0.100000000000000E+001 -0.741620312044106E+004  0.999653954096625E+000  0.999780200706713E+000  0.291867874096117E+001  0.711419971120389E-002
  0.100000000000000E+001 -0.638490854126640E+003  0.999521168220446E+000  0.999294282001707E+000  0.251177174035497E+001  0.336804873813736E-001
  0.100000000000000E+001 -0.331396506019690E+002  0.999944368504905E+000  0.999614580378826E+000  0.235188449241658E+001  0.219076149733154E+000
  0.100000000000000E+001 -0.109654368254676E+002  0.999268051616669E+000  0.999422341745461E+000  0.349788228183608E+000  0.244295206035693E+000
  0.100000000000000E+001 -0.102154880895106E+002  0.999280626103425E+000  0.999444820983865E+000  0.873581747761315E-001  0.228130287347116E+000
  0.100000000000000E+001 -0.106936322320690E+003  0.999380763643040E+000  0.999546020695300E+000  0.140497171891144E+001  0.853198065474850E-001
  0.100000000000000E+001 -0.256668122154088E+004  0.999390593349494E+000  0.999527289680266E+000  0.164175993471215E+001  0.112008613904405E-001
  0.100000000000000E+001 -0.784978618251054E+002  0.999159290458328E+000  0.999587524436722E+000  0.166839906766160E+001  0.110750663093533E+000
  0.100000000000000E+001 -0.898159285199594E+001  0.999220157594830E+000  0.999953234091942E+000  0.145184087862467E+000  0.250058800018940E+000
  0.100000000000000E+001 -0.105498016498092E+003  0.999078631886230E+000  0.999475538824348E+000  0.271358871465849E+001  0.113096411988815E+000
  0.100000000000000E+001 -0.150938948942143E+003  0.999360758563873E+000  0.999674670746779E+000  0.127932026443350E+001  0.661680478374678E-001
  0.100000000000000E+001 -0.142113851793757E+002  0.999027391798737E+000  0.999899610414464E+000  0.137851686033827E+001  0.291001692608393E+000
  0.100000000000000E+001 -0.102868810287118E+002  0.999056614672209E+000  0.999879407897789E+000  0.696588837701564E+000  0.285535321995049E+000
  0.100000000000000E+001 -0.234330052512262E+002  0.999313420221158E+000  0.999465140160403E+000  0.196914660131254E+001  0.249865900871075E+000
  0.100000000000000E+001 -0.130679760391764E+003  0.999994573883092E+000  0.999222901662322E+000  0.729249993536427E+000  0.620726446440420E-001
  0.100000000000000E+001 -0.125547580827776E+002  0.999584863853967E+000  0.999345781870326E+000  0.113499210511757E+001  0.292271230796869E+000
  0.100000000000000E+001 -0.326685393008740E+002  0.999065638646815E+000  0.999267053560657E+000  0.727981447144198E+000  0.148474927458974E+000
