  0.999220157594830E+000  0.999953234091942E+000  0.145184087862467E+000  0.250058800018940E+000  0.449079642599797E+001 -0.100000000000000E+031
  0.999280626103425E+000  0.999444820983865E+000  0.873581747761315E-001  0.228130287347116E+000  0.510774404475532E+001 -0.100000000000000E+031
  0.999056614672209E+000  0.999879407897789E+000  0.696588837701564E+000  0.285535321995049E+000  0.514344051435591E+001 -0.100000000000000E+031
  0.999268051616669E+000  0.999422341745461E+000  0.349788228183608E+000  0.244295206035693E+000  0.548271841273378E+001 -0.100000000000000E+031
  0.999383794684309E+000  0.999605361140998E+000  0.311103612092403E-001  0.214238960914052E+000  0.549114947106359E+001 -0.100000000000000E+031
  0.999584863853967E+000  0.999345781870326E+000  0.113499210511757E+001  0.292271230796869E+000  0.627737904138881E+001 -0.100000000000000E+031
  0.999027391798737E+000  0.999899610414464E+000  0.137851686033827E+001  0.291001692608393E+000  0.710569258968785E+001 -0.100000000000000E+031
  0.999663476829904E+000  0.999616299080542E+000  0.876175055678456E-001  0.148125579530826E+000  0.110872244714710E+002 -0.100000000000000E+031
  0.999313420221158E+000  0.999465140160403E+000  0.196914660131254E+001  0.249865900871075E+000  0.117165026256131E+002 -0.100000000000000E+031
  0.999580740811535E+000  0.999498828782732E+000  0.164237395818682E+001  0.218838946875048E+000  0.129555681543377E+002 -0.100000000000000E+031
  0.999626777642829E+000  0.999329825150420E+000  0.857251903781834E+000  0.175847869202925E+000  0.131854808379940E+002  0.449079642599797E+001
  0.999831229863111E+000  0.999892478923124E+000  0.774640077674839E+000  0.161067898368547E+000  0.146339327410555E+002 -0.100000000000000E+031
  0.999821703603081E+000  0.999815800283896E+000  0.270348843618005E+001  0.249680758310444E+000  0.148594573598873E+002  0.510774404475532E+001
  0.999065638646815E+000  0.999267053560657E+000  0.727981447144198E+000  0.148474927458974E+000  0.163342696504370E+002 -0.100000000000000E+031
  0.999944368504905E+000  0.999614580378826E+000  0.235188449241658E+001  0.219076149733154E+000  0.165698253009845E+002 -0.100000000000000E+031
  0.999142628066198E+000  0.999335000849144E+000  0.200478205823944E+001  0.202183849019186E+000  0.168592483927674E+002  0.163342696504370E+002
  0.999122738436343E+000  0.999596524437684E+000  0.837099813004396E+000  0.143842932510181E+000  0.181909622443558E+002  0.110872244714710E+002
  0.999584625008206E+000  0.999259845144338E+000  0.566731468720534E+000  0.119402052976511E+000  0.213883772884310E+002 -0.100000000000000E+031
  0.999471813767634E+000  0.999490859687845E+000  0.778244212308270E+000  0.126517105290198E+000  0.217577718165854E+002  0.168592483927674E+002
  0.999420856747316E+000  0.999555148255787E+000  0.169038355388892E+001  0.160710925965010E+000  0.218848416225131E+002  0.217577718165854E+002
  0.999078354552741E+000  0.999804923174619E+000  0.764070530797260E-001  0.976350347112044E-001  0.219990063728513E+002 -0.100000000000000E+031
  0.999193537186308E+000  0.999004382516591E+000  0.150566427517289E+001  0.139375146668681E+000  0.256452781456534E+002  0.165698253009845E+002
  0.999023541851690E+000  0.999815571379378E+000  0.936718083236585E+000  0.118677584256299E+000  0.260419205205924E+002  0.213883772884310E+002
  0.999536151323633E+000  0.999413597419112E+000  0.273522556811038E+001  0.176000505551023E+000  0.264376104480060E+002  0.117165026256131E+002
  0.999464396444995E+000  0.999111131007529E+000  0.179752715205996E+000  0.901968379138485E-001  0.267494244249878E+002  0.218848416225131E+002
  0.999725092066542E+000  0.999941939573194E+000  0.190754128027675E+001  0.146043369532683E+000  0.275698844778621E+002  0.548271841273378E+001
  0.999974331133731E+000  0.999674738780147E+000  0.282062116045998E+001  0.172263499193997E+000  0.280113645720939E+002 -0.100000000000000E+031
  0.999676477907535E+000  0.999238096741239E+000  0.205430706548121E+001  0.146474802471194E+000  0.288237913021819E+002  0.219990063728513E+002
  0.999974965223687E+000  0.999683679682919E+000  0.105537835458947E+001  0.106081568757243E+000  0.328599153433059E+002  0.146339327410555E+002
  0.999748171472767E+000  0.999951700195344E+000  0.210747382068961E+001  0.132965648283102E+000  0.341957747597253E+002  0.131854808379940E+002
  0.999720343552328E+000  0.999353238611329E+000  0.126504677896392E+001  0.103250589394966E+000  0.375020774019164E+002 -0.100000000000000E+031
