  0.100000000000000E+001  0.457978419496972E+002  0.741754840033690E-001 -0.446466313995406E+000 -0.173446810060626E+000 -0.577712884052396E+000  0.568670144280122E+000
  0.100000000000000E+001  0.122424644779173E+003  0.422334149099069E+000  0.720200781564742E+000  0.579215347640342E+000  0.549902222555119E+000  0.133493817257488E+001
  0.100000000000000E+001  0.199128934541212E+003  0.566242454835693E+000 -0.409506868175825E+000 -0.893499946490301E+000 -0.902946578195839E+000  0.210198107019527E+001
  0.100000000000000E+001  0.116534792979794E+003 -0.477726527003784E+000 -0.241693990397074E+000 -0.961246033987899E+000 -0.255748112654751E+000  0.127603965458109E+001
  0.100000000000000E+001  0.417058467291108E+002 -0.114450620302029E+000 -0.142890130318403E-001 -0.212032627837351E+000 -0.685192846157709E+000  0.527750192074258E+000
  0.100000000000000E+001  0.973502042690666E+002  0.578123044073712E+000 -0.341865814037716E+000 -0.281641788303368E+000 -0.744159379204732E+000  0.108419376747382E+001
  0.100000000000000E+001  0.123601808062468E+003 -0.284186785146088E+000  0.841591869040761E+000  0.746574843802377E+000  0.172280330304577E-001  0.134670980540783E+001
  0.100000000000000E+001  0.177753009590391E+003  0.945294522727867E+000  0.833727778794867E+000 -0.544364423129663E+000  0.566167085253040E-001  0.188822182068706E+001
  0.100000000000000E+001  0.157077224957793E+003  0.423676502038445E+000  0.946902435634543E+000  0.387642753464473E+000  0.674589555994904E+000  0.168146397436108E+001
  0.100000000000000E+001  0.134683059081583E+003  0.646561126318325E+000  0.134320086367214E+000 -0.907083804885719E+000  0.445688356192209E+000  0.145752231559898E+001
  0.100000000000000E+001  0.535737664545877E+002  0.175822393841380E+000 -0.399940565896078E+000 -0.525437910113389E+000 -0.423648936643670E+000  0.646429389329027E+000
  0.100000000000000E+001  0.194606092368140E+003 -0.949963302061718E+000 -0.988223056743711E+000 -0.384252156187196E+000 -0.173458478565197E+000  0.205675264846455E+001
  0.100000000000000E+001  0.179300247306670E+003 -0.846544651827313E+000 -0.740243162802166E+000  0.635230546814318E+000  0.485364360693135E+000  0.190369419784985E+001
  0.100000000000000E+001  0.929819625012704E+002 -0.947660532107663E+000  0.108043749724227E+000 -0.192194003360256E+000  0.306331322099394E+000  0.104051134979585E+001
  0.100000000000000E+001  0.167017403324844E+001 -0.468927555053631E-001 -0.235058657498287E+000 -0.144366725100273E-001  0.264071097658736E+000  0.127393465115634E+000
  0.100000000000000E+001  0.589031708087379E+002 -0.780839411628681E+000 -0.113728602524998E-001  0.280703713580981E+000 -0.105305884685655E+000  0.699723432870529E+000
  0.100000000000000E+001  0.176641398630438E+003  0.850475213975540E+000 -0.849714606636728E+000 -0.411552295953410E+000 -0.512257178050693E+000  0.187710571108753E+001
  0.100000000000000E+001  0.167900688334430E+003  0.295839437412719E+000  0.661444068515810E+000  0.669629669325339E+000  0.903474120040674E+000  0.178969860812746E+001
  0.100000000000000E+001  0.227088264373979E+003 -0.507576254796068E+000 -0.846857178037074E+000 -0.892245711737722E+000  0.781454556569267E+000  0.238157436852294E+001
  0.100000000000000E+001  0.203262845364955E+003 -0.719691442855657E+000 -0.641827814391368E+000 -0.972421992797006E+000 -0.517510318845279E+000  0.214332017843270E+001
  0.100000000000000E+001  0.158125017917846E+003 -0.980573724380103E+000  0.698852406934420E+000 -0.461771508851016E+000 -0.169674576623502E+000  0.169194190396161E+001
  0.100000000000000E+001  0.519398521707741E+002 -0.264755682527940E-001  0.470658347912658E+000  0.501528729921958E+000 -0.395397196979920E+000  0.630090246490891E+000
  0.100000000000000E+001  0.786543945773636E+002 -0.703038800330815E+000 -0.364572920032817E+000  0.109714770029283E+000 -0.507958040592292E+000  0.897235670556785E+000
  0.100000000000000E+001  0.118486688596324E+003  0.442200304452487E+000  0.384227501554043E+000 -0.823965946579454E+000  0.522940577327364E+000  0.129555861074639E+001
  0.100000000000000E+001  0.180362405690071E+002 -0.871013508577483E-001 -0.467394424871351E+000 -0.241186087711800E+000  0.826995032961588E-001  0.291054130473221E+000
  0.100000000000000E+001  0.236701654984758E+003  0.970131221327582E+000  0.937607547843639E+000  0.162063496539309E+000  0.794469129263230E+000  0.247770827463073E+001
  0.100000000000000E+001  0.836720215011910E+002 -0.210400560121829E+000 -0.614262613762270E+000 -0.191979180030280E+000 -0.699263169246262E+000  0.947411939795060E+000
  0.100000000000000E+001  0.727292718999759E+002  0.251496584906060E+000 -0.163258844859020E+000  0.357467537337816E+000 -0.787589627209776E+000  0.837984443782909E+000
  0.100000000000000E+001  0.128098003978021E+003 -0.659467648475162E+000  0.609286720883944E-001 -0.975521856154703E+000  0.376694871219365E-001  0.139167176456336E+001
  0.100000000000000E+001  0.198547674707248E+003  0.943848980904568E+000 -0.821064115040911E+000  0.796870686950468E-001  0.724445486683381E+000  0.209616847185564E+001
  0.100000000000000E+001  0.327101292479007E+002 -0.333687146472231E+000 -0.118586265385822E+000 -0.353129283046662E+000 -0.433223859751712E+000  0.437793017262157E+000
  0.100000000000000E+001  0.548190908864721E+002  0.164726644577700E+000  0.731818595967775E+000 -0.209070331105765E+000  0.229082748065242E+000  0.658882633647870E+000
  0.100000000000000E+001  0.152591648441857E+003  0.456368507997785E+000  0.946858617988922E+000 -0.130999984697132E+000 -0.717379784813492E+000  0.163660820920172E+001
  0.100000000000000E+001  0.170345649199918E+003  0.924769556787419E+000 -0.533998472321031E+000  0.354674078901018E+000 -0.740271175270286E+000  0.181414821678233E+001
  0.100000000000000E+001  0.680300488956256E+002  0.495674768247549E-001  0.765088653643871E-001 -0.166132675013564E+000 -0.868954318013395E+000  0.790992213739406E+000
  0.100000000000000E+001  0.407886563798925E+002 -0.342419452753665E+000 -0.452384718245881E+000 -0.425949981372195E+000  0.123458037504966E+000  0.518578288582075E+000
  0.100000000000000E+001  0.638051728129537E+002  0.175647138067208E+000  0.818240587880469E+000  0.231998425434747E-001 -0.218713610578922E+000  0.748743452912687E+000
  0.100000000000000E+001  0.926971614685423E+002  0.805965518030333E+000  0.121447375490634E+000 -0.598404546696953E+000  0.123472493671756E+000  0.103766333946857E+001
  0.100000000000000E+001  0.181039988056511E+003 -0.920187296189036E+000 -0.587816414795794E+000  0.847286003362669E+000  0.104523855090149E+000  0.192109160534826E+001
  0.100000000000000E+001  0.176963098576253E+003  0.552739219339561E+000 -0.288142819605257E+000  0.802956148832888E+000  0.920346241645479E+000  0.188032271054568E+001
  0.100000000000000E+001  0.118062846959583E+003  0.520667073712852E+000 -0.870073077392630E+000 -0.463528980472585E+000 -0.219862950468781E+000  0.129132019437898E+001
  0.100000000000000E+001  0.158950491160816E+003 -0.614574445692152E+000 -0.932624121609282E+000 -0.594384733279068E+000 -0.315299736331602E+000  0.170019663639131E+001
  0.100000000000000E+001  0.112721157022582E+003  0.829534969197841E+000 -0.395910259095149E+000  0.266470534007105E+000 -0.567471189696960E+000  0.123790329500897E+001
  0.100000000000000E+001  0.608972711922400E+002  0.425497068127369E+000 -0.456003280789380E+000 -0.474904044615748E+000 -0.324258905872281E+000  0.719664436705550E+000
  0.100000000000000E+001  0.170659096036527E+003  0.718269916347333E+000  0.775123941515957E+000  0.408566192479659E+000 -0.730498154734329E+000  0.181728268514842E+001
  0.100000000000000E+001  0.130052261650314E+003  0.967067393522259E+000  0.306128983265602E+000  0.593239191182312E+000 -0.174204779849677E+000  0.141121434128629E+001
  0.100000000000000E+001  0.162512358148923E+003 -0.820592134237390E+000 -0.496205688347541E+000 -0.556122388834849E+000  0.712005378482686E+000  0.173581530627238E+001
  0.100000000000000E+001  0.202708379822851E+003 -0.944578531872136E+000  0.880923433918170E+000  0.660925232345922E+000 -0.180827710708984E+000  0.213777552301166E+001
  0.100000000000000E+001  0.140806358298719E+003 -0.308829977306931E+000  0.844609559508586E+000 -0.557241421604014E+000 -0.632056993413088E+000  0.151875530777034E+001
  0.100000000000000E+001  0.276637393545171E+002 -0.167550738460525E+000  0.501073517235306E-001  0.218875547303665E+000  0.555732504416855E+000  0.387329118328321E+000
  0.100000000000000E+001  0.132289569670798E+003 -0.344207455457975E+000 -0.562372612765632E+000 -0.811917214742703E+000  0.582783089934743E+000  0.143358742149113E+001
  0.100000000000000E+001  0.145503424510871E+003  0.152428539140149E+000  0.547855461926450E+000  0.855776663606380E+000 -0.714137385389916E+000  0.156572596989186E+001
  0.100000000000000E+001  0.729667038504692E+002 -0.822062130706912E+000 -0.857115068763625E-002 -0.325521689472315E+000 -0.241939623882558E+000  0.840358763287842E+000
  0.100000000000000E+001  0.478821091901035E+002  0.508150523949367E+000 -0.195219387584422E+000 -0.130963711832765E+000  0.525389149667479E+000  0.589512816684185E+000
  0.100000000000000E+001  0.108950589053924E+003  0.480814668771751E+000 -0.440432312533401E-001 -0.773173018585069E+000 -0.607682932728178E+000  0.120019761532239E+001
  0.100000000000000E+001  0.114106250341490E+003 -0.327440386123264E+000  0.899702787834475E+000 -0.154479386007919E+000 -0.557860228547424E+000  0.125175422819805E+001
  0.100000000000000E+001  0.132045169796301E+003  0.196901719099912E+000 -0.868978095181980E+000 -0.530208471701790E+000  0.596765600877941E+000  0.143114342274616E+001
  0.100000000000000E+001  0.160398098389308E+003  0.741743438985744E+000 -0.357375474061180E+000 -0.661348307573711E+000 -0.774203181346321E+000  0.171467270867623E+001
  0.100000000000000E+001  0.128652498217700E+003 -0.143052042314764E+000 -0.619257104501252E+000 -0.759104817257698E+000  0.645781182050551E+000  0.139721670696015E+001
  0.100000000000000E+001  0.962867831539519E+002 -0.482817211208916E+000 -0.888766798051059E+000  0.169623706678463E+000 -0.147541430445283E+000  0.107355955632267E+001
  0.100000000000000E+001  0.197686088505472E+003  0.951024685630852E+000  0.287299284318834E+000 -0.625621711748546E+000 -0.842117124975686E+000  0.208755260983787E+001
  0.100000000000000E+001  0.167749731702699E+003  0.239851772617648E+000  0.677620217642717E+000 -0.983299277189459E+000 -0.551918056510961E+000  0.178818904181014E+001
  0.100000000000000E+001  0.979685700199395E+002 -0.171565871346212E+000 -0.350858470776100E+000  0.706509430011578E+000  0.662333251136565E+000  0.109037742498254E+001
  0.100000000000000E+001  0.112328798164344E+003 -0.141378961105865E-001  0.483006984147699E+000  0.935380220992031E+000  0.354327421690159E+000  0.123397970642659E+001
  0.100000000000000E+001  0.542251699383749E+002 -0.449102842401124E+000 -0.566487711828236E+000  0.256577434664127E+000  0.253987703408875E+000  0.652943424166899E+000
  0.100000000000000E+001  0.877003476816140E+002 -0.730241956978615E+000 -0.666812759880073E+000  0.859662305345330E-001 -0.491165586756357E-001  0.987695201599290E+000
  0.100000000000000E+001  0.665555697266467E+002  0.651731523746155E+000  0.421013420885807E+000  0.875379966154139E-001  0.408139977933700E+000  0.776247422049616E+000
  0.100000000000000E+001  0.114472079160139E+003  0.752131270510053E+000 -0.774169372720993E+000 -0.213342466007701E+000  0.211796701683500E+000  0.125541251638454E+001
  0.100000000000000E+001  0.105219097759159E+003 -0.300007251193493E+000 -0.656211326377349E+000 -0.676924184948238E+000 -0.428997313012921E+000  0.116288270237474E+001
  0.100000000000000E+001  0.243022696112618E+002 -0.863278129077272E-001  0.322640273768375E+000 -0.462927750801795E+000 -0.166922379849426E+000  0.353714420895768E+000
  0.100000000000000E+001  0.143613608554746E+003  0.946925413443019E+000 -0.247563397855497E+000 -0.375708707916466E+000  0.669115388064238E+000  0.154682781033061E+001
  0.100000000000000E+001  0.673805685558082E+002  0.673860772120648E+000  0.409619449100984E+000  0.229437346281188E+000  0.331631544319668E+000  0.784497410341232E+000
  0.100000000000000E+001  0.632770551721369E+002  0.916599453017835E-001  0.593025751945015E+000  0.562066238634875E+000  0.259735888642072E+000  0.743462276504519E+000
  0.100000000000000E+001  0.117044969347537E+003  0.694369320922181E-001 -0.155841605112936E+000 -0.882113118608084E+000 -0.688411047859845E+000  0.128114141825853E+001
  0.100000000000000E+001  0.140133650341171E+002 -0.286444604783511E+000 -0.117105097527783E-001 -0.271852455239277E+000 -0.307788840045324E+000  0.250825375124321E+000
  0.100000000000000E+001  0.101979978576987E+003 -0.850796002860092E+000  0.811002522942077E-001 -0.624068601562956E+000 -0.102950481744284E+000  0.113049151055302E+001
  0.100000000000000E+001  0.207748194722220E+003 -0.456524251411141E+000  0.747433493653024E+000 -0.666597309634151E+000 -0.988306875030721E+000  0.218817367200535E+001
  0.100000000000000E+001  0.150555083806029E+003  0.661114192311336E+000 -0.514307278866311E+000 -0.122930973326263E-001  0.956298849853469E+000  0.161624256284344E+001
  0.100000000000000E+001  0.850402883917771E+002  0.431362413260239E+000  0.240070756902257E+000 -0.187702991006785E+000 -0.825926568149196E+000  0.961094608700921E+000
  0.100000000000000E+001  0.125837962843230E+003 -0.384380414797370E+000 -0.685487268612356E+000  0.740557952069043E+000  0.450559845229611E+000  0.136907135321545E+001
  0.100000000000000E+001  0.128532174824698E+003  0.550454786479512E+000 -0.470934201134459E+000  0.365863175860252E+000  0.858707235222354E+000  0.139601347303013E+001
  0.100000000000000E+001  0.950547279512123E+002 -0.797571616491004E+000 -0.109812647880793E+000 -0.506445213238992E+000 -0.395692998694594E+000  0.106123900429527E+001
  0.100000000000000E+001  0.121400153538845E+003  0.770713082095961E+000  0.269698601123937E+000  0.510141508931143E+000  0.630644837190472E+000  0.132469326017160E+001
  0.100000000000000E+001  0.806399736154908E+002 -0.344376530665452E+000 -0.537002236185282E-001 -0.879958094515729E+000  0.145898265734904E+000  0.917091460938058E+000
  0.100000000000000E+001  0.238644562904364E+003  0.854866242594565E+000 -0.868373390758101E+000  0.899912926614382E+000  0.449917147744624E+000  0.249713735382679E+001
  0.100000000000000E+001  0.660641683971747E+002 -0.644782098447380E+000 -0.161840432349768E+000  0.485037616236792E+000  0.306815318341280E+000  0.771333408754897E+000
  0.100000000000000E+001  0.189651974858341E+003 -0.745586385726185E+000 -0.885178573386852E+000 -0.177674079301250E+000  0.797623488588189E+000  0.200721147336656E+001
  0.100000000000000E+001  0.518626805920235E+002 -0.354746502424667E+000  0.470908824968085E+000  0.361781357829545E+000  0.388371700069712E+000  0.629318530703385E+000
  0.100000000000000E+001  0.177933346176313E+003  0.983657600913860E+000 -0.757626227017830E+000 -0.526732414866351E+000 -0.266455200689447E+000  0.189002518654628E+001
  0.100000000000000E+001  0.485341832663216E+002 -0.177996974396935E+000  0.305938481711116E+000  0.459144170955187E+000  0.509842044400101E+000  0.596033557446366E+000
  0.100000000000000E+001  0.689531514566553E+002 -0.214634736019741E+000 -0.134317251353127E+000 -0.789719189378679E+000 -0.335347055092873E+000  0.800223239349703E+000
  0.100000000000000E+001  0.168140284463162E+003  0.148919695198975E+000  0.871663920054123E+000 -0.997066190056097E+000 -0.126406158550581E+000  0.179209456941477E+001
  0.100000000000000E+001  0.923681309404707E+002  0.579002529823255E+000 -0.390896701246656E+000  0.738139115348464E+000  0.384645290260506E-001  0.103437303418786E+001
  0.100000000000000E+001  0.104118449491050E+003  0.266543587574994E+000  0.673875288974769E+000 -0.539807549225226E-001  0.789815743463923E+000  0.115187621969365E+001
  0.100000000000000E+001  0.417588137343354E+002 -0.126369804247797E+000  0.329233116568298E+000  0.228527241605981E+000 -0.593035740490878E+000  0.528279862126504E+000
  0.100000000000000E+001  0.116371235497479E+003  0.508007454498417E+000 -0.473248751804994E+000 -0.245313274095490E+000 -0.855680736255962E+000  0.127440407975794E+001
  0.100000000000000E+001  0.800056489001541E+002 -0.390366717677997E+000 -0.213941722884062E+000 -0.826399332355437E+000  0.172206626486571E+000  0.910748213784691E+000
  0.100000000000000E+001  0.699026474344390E+002  0.700499923047748E+000  0.300892577166912E+000 -0.263911721197796E+000 -0.398537723883085E+000  0.809718199127540E+000
  0.100000000000000E+001  0.918504105620011E+002 -0.643760964849735E+000 -0.533079674280510E+000 -0.282116816779745E+000  0.501002807475116E+000  0.102919583040316E+001
  0.100000000000000E+001  0.144206842758171E+003 -0.779584156625233E+000 -0.316636795890066E+000 -0.885001485120289E+000 -0.248036702782354E+000  0.155276015236486E+001
  0.100000000000000E+001  0.155555568297925E+003  0.802362025485125E+000  0.701313845269159E+000  0.713200598908263E+000 -0.148210606815051E+000  0.166624740776240E+001
  0.100000000000000E+001  0.820087255408179E+002  0.210670701027895E+000 -0.394082551034742E+000  0.853434768854075E+000 -0.523915470346599E-001  0.930778980191329E+000
  0.100000000000000E+001  0.146321443568394E+003  0.560262434142726E+000 -0.934129264363343E+000 -0.151219437142370E+000 -0.603777578787007E+000  0.157390616046709E+001
  0.100000000000000E+001  0.981319299686747E+002 -0.403902106922289E+000 -0.710603356719770E+000  0.469153788533959E+000 -0.451455097010170E+000  0.109201102446990E+001
  0.100000000000000E+001  0.223656008083030E+003 -0.900498258909991E+000 -0.581242474041706E+000 -0.473210172395897E+000 -0.987210215923867E+000  0.234725180561345E+001
  0.100000000000000E+001  0.288671229223325E+002  0.404973178061842E+000 -0.313777831935539E+000 -0.257789486005968E+000  0.265419916636974E+000  0.399362954006475E+000
  0.100000000000000E+001  0.989334280769373E+002  0.429529279469105E+000 -0.379663864882765E+000 -0.862723034443116E+000  0.164605343700677E+000  0.110002600555252E+001
  0.100000000000000E+001  0.172037672530611E+003 -0.693061497786956E+000 -0.354775523431510E-001 -0.903688650196244E+000  0.729946831735569E+000  0.183106845008926E+001
  0.100000000000000E+001  0.207922098241018E+002 -0.150513298562660E+000 -0.811482387050619E-001 -0.421762520734858E+000 -0.333902544821690E+000  0.318613823024168E+000
  0.100000000000000E+001  0.610851335634980E+002 -0.127191452037022E+000 -0.812075476796233E+000 -0.188977671214934E-001  0.213404989001752E+000  0.721543060418130E+000
  0.100000000000000E+001  0.288161527805988E+003 -0.635146481224572E+000  0.986528187318337E+000 -0.983510781490892E+000 -0.805210921776800E+000  0.299230700284303E+001
  0.100000000000000E+001  0.181981024913582E+003 -0.797788979641374E+000 -0.267917945501716E+000  0.529988725806000E+000  0.970240507749711E+000  0.193050197391897E+001
  0.100000000000000E+001  0.383660467842544E+002  0.117504359045881E-001 -0.591275300401903E+000  0.270751980732395E+000 -0.267022478353171E+000  0.494352192625694E+000
  0.100000000000000E+001  0.127110411169986E+003  0.652974316903133E+000  0.458317273132122E+000 -0.490472126217297E+000  0.710494720951902E+000  0.138179583648301E+001
  0.100000000000000E+001  0.797756324290726E+002 -0.337673050607797E+000 -0.106892610489221E+000  0.452988128522076E+000 -0.760132018275751E+000  0.908448049073876E+000
  0.100000000000000E+001  0.145764023710403E+003  0.822347704309885E+000 -0.672196290748864E+000  0.388362563081391E+000 -0.537961784333944E+000  0.156833196188718E+001
  0.100000000000000E+001  0.116837955844902E+003  0.520834544187565E+000 -0.999510070135635E+000 -0.340577551987937E-001  0.873060697854502E-001  0.127907128323217E+001
  0.100000000000000E+001  0.154525343356021E+003  0.770248946011965E+000  0.444091720982952E+000  0.929392728052217E+000  0.409074554192153E-001  0.165594515834336E+001
  0.100000000000000E+001  0.759381876509656E+002 -0.146309467918818E+000 -0.646382702366595E+000  0.480285490998901E+000  0.447417467369482E+000  0.870073601292806E+000
  0.100000000000000E+001  0.134006023157311E+003 -0.598477815193135E+000  0.749205138243052E+000  0.166677389968475E+000  0.709567875246208E+000  0.145075195635626E+001
  0.100000000000000E+001  0.209224057993235E+003  0.981828185749293E+000 -0.487743656040629E+000  0.983562850199411E+000  0.183455618838673E+000  0.220293230471550E+001
  0.100000000000000E+001  0.150423692274463E+003  0.232231013727150E+000 -0.838478680646102E+000  0.902550368703111E+000  0.208215604234882E+000  0.161492864752778E+001
  0.100000000000000E+001  0.173261129218475E+003  0.809863304826140E+000 -0.819566426684542E+000  0.523547032829689E+000 -0.491562631951146E+000  0.184330301696790E+001
  0.100000000000000E+001  0.151321593585425E+003  0.992316457971125E+000  0.390907292336690E+000  0.640721455138644E-001 -0.694479630258720E+000  0.162390766063740E+001
  0.100000000000000E+001  0.119836977796475E+003  0.126886042215253E+000 -0.988668284580502E+000  0.475812950608469E+000  0.298493708705497E+000  0.130906150274790E+001
  0.100000000000000E+001  0.991107815575260E+002 -0.583456693164708E-001 -0.106667701938709E+000  0.340586459232299E+000 -0.985402551438316E+000  0.110179954035841E+001
  0.100000000000000E+001  0.213352574546186E+003 -0.702362730427436E+000  0.512159835004265E+000 -0.963038585016212E+000 -0.749101496681126E+000  0.224421747024501E+001
  0.100000000000000E+001  0.166384201451154E+003  0.419569218505569E+000  0.868466063376215E+000 -0.869252255458114E+000 -0.297762696323958E+000  0.177453373929469E+001
  0.100000000000000E+001  0.233274694018840E+003  0.705925210478692E+000 -0.688828442497090E+000  0.701214498774837E+000  0.989404803756859E+000  0.244343866497155E+001
  0.100000000000000E+001  0.232467998698956E+002  0.435983253868256E+000  0.950501123398144E-001 -0.128052834084690E+000  0.357276186801781E+000  0.343159723482106E+000
  0.100000000000000E+001  0.643419678665632E+002 -0.500865507763845E+000  0.186319400113827E+000  0.676105021042126E+000  0.106828031172053E+000  0.754111403448782E+000
  0.100000000000000E+001  0.950562554429973E+002  0.763694191509368E+000  0.249814196208043E+000  0.533266776579531E+000 -0.362277343257043E+000  0.106125427921312E+001
  0.100000000000000E+001  0.792180423634159E+002  0.520621985815408E+000  0.338313151990830E+000  0.660014170896102E+000  0.285920271595581E+000  0.902872148417309E+000
  0.100000000000000E+001  0.214832552426642E+003  0.714284848252794E+000  0.593892104131885E+000  0.895138775924493E+000 -0.771254267471019E+000  0.225901724904957E+001
  0.100000000000000E+001  0.113111702067738E+003 -0.594024085143477E+000 -0.925354139941202E+000  0.174856059309729E+000  0.457078324396889E-001  0.124180874546053E+001
  0.100000000000000E+001  0.107684099306519E+003  0.897660691338562E-001 -0.756722893909060E+000 -0.413514239671115E+000 -0.660190280225116E+000  0.118753271784834E+001
  0.100000000000000E+001  0.958424237976840E+002  0.907675702184028E+000 -0.422621003095928E+000  0.190124965920254E+000 -0.174598876000784E+000  0.106911596275999E+001
  0.100000000000000E+001  0.153727350119879E+003  0.650696881752985E+000 -0.643907450229852E+000 -0.898726345336845E+000 -0.472540558560912E-001  0.164796522598194E+001
  0.100000000000000E+001  0.124478952397990E+003  0.719604106585379E+000 -0.323795795810918E+000 -0.677642210788778E+000 -0.523075993829753E+000  0.135548124876305E+001
  0.100000000000000E+001  0.949431842625840E+002 -0.136845107382866E+000  0.316096825687905E+000 -0.478121266162077E+000  0.844322116036270E+000  0.106012356740899E+001
  0.100000000000000E+001  0.193278241721614E+003 -0.996235798171011E+000  0.675113469158512E+000 -0.583715833117900E+000 -0.504466060672168E+000  0.204347414199929E+001
  0.100000000000000E+001  0.155356795011364E+003  0.941867640269479E+000 -0.153697790192570E+000 -0.863847177604388E+000 -0.853818841725222E-001  0.166425967489679E+001
  0.100000000000000E+001  0.151249381671153E+003  0.805773481786054E+000 -0.810455891737796E+000  0.363114703686556E+000 -0.430376111162289E+000  0.162318554149468E+001
  0.100000000000000E+001  0.130186479498822E+003 -0.997346666391128E+000  0.231429937945498E-001 -0.482375813663951E+000 -0.429690729525483E+000  0.141255651977137E+001
  0.100000000000000E+001  0.586805071666920E+002 -0.359246740087438E+000 -0.571126795751093E-001 -0.437368829484187E+000 -0.611461548271027E+000  0.697496796450070E+000
  0.100000000000000E+001  0.186042957850377E+003 -0.326940979113164E+000  0.671509515450339E+000  0.666244033516519E+000  0.984593701953623E+000  0.197112130328692E+001
  0.100000000000000E+001  0.257674929039097E+003 -0.786004282162903E+000 -0.925548169717233E+000  0.782590072497052E+000 -0.774952674398789E+000  0.268744101517412E+001
  0.100000000000000E+001  0.110672872611805E+003 -0.262129491356957E+000 -0.722906526729586E+000  0.711856311777403E+000  0.345507345300473E+000  0.121742045090120E+001
  0.100000000000000E+001  0.917742975504356E+002  0.906117533166451E+000 -0.343260868708546E+000 -0.306406617730639E-001 -0.297689170504091E+000  0.102843470028751E+001
  0.100000000000000E+001  0.128169207768696E+003 -0.808527472446514E+000 -0.568102781792145E+000  0.641292193019456E+000  0.683423826163523E-001  0.139238380247011E+001
  0.100000000000000E+001  0.141329325226506E+003 -0.901979339373733E+000  0.215369115010198E+000  0.436360588199756E+000  0.688203334601642E+000  0.152398497704821E+001
  0.100000000000000E+001  0.208165742715244E+003  0.845077761330781E+000  0.671057500786018E+000  0.598657437445288E+000 -0.818219916935542E+000  0.219234915193559E+001
  0.100000000000000E+001  0.806469073602519E+002  0.510875174752046E-001 -0.582366458296790E+000  0.755000637253060E+000  0.733090031457002E-001  0.917160798385669E+000
  0.100000000000000E+001  0.628637737960006E+002  0.407905952300304E+000 -0.124511851503730E+000 -0.746217338642429E+000  0.244679211552745E-001  0.739329462743156E+000
  0.100000000000000E+001  0.152345089919073E+003 -0.799700781226996E+000 -0.966324828490887E+000  0.243009065864439E-001  0.245452798435768E+000  0.163414262397388E+001
  0.100000000000000E+001  0.103416165920176E+003 -0.354729576472929E+000  0.276955779753292E+000 -0.940280540510282E+000  0.241222537834221E+000  0.114485338398491E+001
  0.100000000000000E+001  0.154994525082514E+003  0.609964475296785E+000 -0.824262182275718E+000  0.246286302248252E+000 -0.740618138232628E+000  0.166063697560829E+001
  0.100000000000000E+001  0.117687964498780E+003 -0.272397587526736E+000  0.926886292348050E+000 -0.105930580627705E+000 -0.585688857010037E+000  0.128757136977095E+001
  0.100000000000000E+001  0.893951889974329E+002  0.532309672137395E+000 -0.341325641057503E+000 -0.229289795514726E+000  0.743110371436140E+000  0.100464361475748E+001
  0.100000000000000E+001  0.105913471431195E+003 -0.797951531808081E+000 -0.631515516503110E+000  0.349884338462533E+000 -0.108944454171291E+000  0.116982643909510E+001
  0.100000000000000E+001  0.185048011634231E+003 -0.180203827260430E+000  0.763758824415858E+000 -0.934084298368035E+000 -0.687646277845922E+000  0.196117184112546E+001
  0.100000000000000E+001  0.231421169148851E+003 -0.438468430479857E+000  0.592090353119774E+000  0.947002390838445E+000 -0.992604824304697E+000  0.242490341627166E+001
  0.100000000000000E+001  0.132715225877810E+003  0.399157425090001E+000  0.318753373074320E+000  0.855480022224393E+000 -0.667133833863541E+000  0.143784398356125E+001
  0.100000000000000E+001  0.576994036985262E+002 -0.517277251323019E+000 -0.208243715490586E+000 -0.209903462268762E+000  0.576788608173199E+000  0.687685761768412E+000
  0.100000000000000E+001  0.169141253866355E+003 -0.697649097179612E+000 -0.400092746206812E+000 -0.894173898110878E+000 -0.596463607457373E+000  0.180210426344670E+001
  0.100000000000000E+001  0.109864207179896E+003  0.472175171037057E-001 -0.676385014067027E+000  0.786758205852409E+000 -0.361412701672362E+000  0.120933379658211E+001
  0.100000000000000E+001  0.712793128815001E+002  0.408545367896566E+000 -0.682345454441479E+000 -0.157118616243825E+000  0.407791560973358E+000  0.823484853598151E+000
  0.100000000000000E+001  0.747816096744428E+002  0.243740946946254E+000 -0.782252670549924E+000 -0.364288058509914E+000 -0.233394820323654E+000  0.858507821527578E+000
  0.100000000000000E+001  0.798117979260526E+002  0.374396287668990E+000 -0.399641176406171E+000 -0.777615179795126E+000 -0.651051925443791E-001  0.908809704043676E+000
  0.100000000000000E+001  0.135737265573040E+003 -0.431721990379616E+000 -0.660276253346306E+000 -0.919627800344388E+000 -0.694000665132144E-003  0.146806438051355E+001
  0.100000000000000E+001  0.123256072927060E+003 -0.129310968335454E+000  0.815680893912972E+000  0.344448329111701E+000  0.736580718862088E+000  0.134325245405375E+001
  0.100000000000000E+001  0.106097874517250E+003 -0.601501633157715E+000  0.647065223306023E+000  0.189861270649543E+000 -0.595924114262477E+000  0.117167046995565E+001
  0.100000000000000E+001  0.138093383988008E+003  0.101619104415285E+000  0.551575931973558E+000  0.468566452272148E+000  0.978523680527793E+000  0.149162556466323E+001
  0.100000000000000E+001  0.121293215828553E+003 -0.436912314213004E+000 -0.557448922440106E+000  0.449224416167912E+000 -0.787514847826170E+000  0.132362388306868E+001
  0.100000000000000E+001  0.416822742907139E+002  0.432625752121982E+000  0.343372971729952E+000  0.384070419208486E+000 -0.273741377335502E+000  0.527514467690289E+000
  0.100000000000000E+001  0.155603239399297E+003 -0.611127722369879E+000 -0.748632887149028E+000 -0.701881902480403E-001 -0.853152649855662E+000  0.166672411877612E+001
  0.100000000000000E+001  0.463751247574024E+002 -0.139018413565722E+000 -0.545771235871948E-001  0.670792694039132E+000  0.319648795166687E+000  0.574442972357174E+000
  0.100000000000000E+001  0.179289778023647E+002  0.112674769487697E+000  0.487666896411664E+000 -0.700282045108502E-001 -0.185911128889299E+000  0.289981502806797E+000
  0.100000000000000E+001  0.387209980732736E+002  0.359095420521881E+000  0.483902978285859E+000 -0.142235276123580E+000 -0.338465978066074E+000  0.497901705515886E+000
  0.100000000000000E+001  0.201619491611102E+003 -0.734120444061796E+000 -0.360002287996504E+000  0.720177083070075E+000  0.969379768802014E+000  0.212688664089417E+001
  0.100000000000000E+001  0.841125694905762E+002 -0.792134402662683E+000 -0.538523846654592E+000 -0.184568187117630E+000  0.163449899234978E-001  0.951817419688912E+000
  0.100000000000000E+001  0.261018131073991E+003  0.592741164386631E+000  0.806539264351330E+000 -0.862137526293781E+000 -0.987797675832606E+000  0.272087303552306E+001
  0.100000000000000E+001  0.108848025473163E+003  0.260184564402417E+000  0.977980225957059E+000 -0.418322565438179E+000  0.607296004452595E-002  0.119917197951478E+001
  0.100000000000000E+001  0.848961995192951E+002 -0.428775846370131E+000  0.856581512124585E+000  0.398948918253861E-001  0.201200159637804E+000  0.959653719976101E+000
  0.100000000000000E+001  0.172007725491910E+003  0.978124339574722E+000  0.857554675308114E+000  0.217581806833587E+000 -0.302158720254760E+000  0.183076897970225E+001
  0.100000000000000E+001  0.142355555630925E+003  0.380484389163248E+000 -0.915073392640754E+000 -0.126768274669879E+000  0.732153946457736E+000  0.153424728109240E+001
  0.100000000000000E+001  0.146398108666555E+003  0.534862121662400E+000 -0.565833950990259E+000  0.523175546069368E+000 -0.833495417000756E+000  0.157467281144870E+001
  0.100000000000000E+001  0.137797679109768E+003  0.890851699362059E+000  0.618681992292180E+000  0.434188815207435E+000  0.351801692415921E+000  0.148866851588083E+001
  0.100000000000000E+001  0.190395392711281E+003 -0.864068196927867E+000  0.862815174930700E+000 -0.685742924069838E+000 -0.230951118099121E+000  0.201464565189596E+001
  0.100000000000000E+001  0.166554437050106E+003 -0.427396067044279E+000 -0.785818828897162E+000  0.695504219992122E+000 -0.701663270581507E+000  0.177623609528421E+001
  0.100000000000000E+001  0.108695817739234E+003 -0.628450293900724E+000 -0.696180998489421E+000  0.109919490701502E+000 -0.553127339025816E+000  0.119764990217549E+001
  0.100000000000000E+001  0.136793346911159E+003 -0.495700189618347E+000 -0.225981036995210E+000 -0.435615692874719E+000  0.996031151594627E+000  0.147862519389474E+001
  0.100000000000000E+001  0.197257861061450E+003 -0.617982710127547E+000  0.878375533727590E+000  0.685219486329876E+000  0.678452933285464E+000  0.208327033539765E+001
  0.100000000000000E+001  0.186654480223749E+003  0.911798389599997E+000  0.730675397490441E-001  0.752297291078540E+000  0.758004052901043E+000  0.197723652702064E+001
  0.100000000000000E+001  0.906374227703629E+002  0.344054872384087E+000 -0.550985191604987E+000  0.316440829042717E+000  0.703542974964801E+000  0.101706595248678E+001
  0.100000000000000E+001  0.170713224907048E+003 -0.869240094841562E+000  0.518720390941974E+000 -0.582190493882759E+000  0.673965144667748E+000  0.181782397385363E+001
  0.100000000000000E+001  0.549768976579442E+002 -0.132151099989878E+000 -0.487693411674965E+000 -0.426028642251539E+000  0.472918090502150E+000  0.660460701362592E+000
  0.100000000000000E+001  0.121951177884436E+003  0.873497084902943E-001 -0.970457982673999E+000  0.617059921461740E+000  0.467859424573813E-002  0.133020350362751E+001
  0.100000000000000E+001  0.167023214533139E+003  0.839895596827219E+000  0.888299939034539E+000 -0.357924252781129E+000 -0.397885290161736E+000  0.178092387011454E+001
  0.100000000000000E+001  0.120717986344312E+003 -0.752492053750219E+000 -0.621381524558200E+000  0.447741782125556E+000 -0.406250655071225E+000  0.131787158822627E+001
