 -0.208061789810161E-001 -0.233431399846984E-002 -0.647200386479330E-002 -0.113360104534321E-001  0.608738072659751E-003  0.550414933552450E+001
 -0.163174613841995E-001 -0.932400745382511E-002  0.148305451832758E-001  0.348368473601846E-002  0.585277790796981E-003  0.550532234961764E+001
 -0.763837602515960E-002 -0.370935927283500E-002 -0.185424230321543E-001 -0.148974587063776E-001  0.637859862328290E-003  0.550269324604108E+001
  0.186538532728313E-001 -0.322810686317188E-002  0.477015564724015E-003 -0.672599813561381E-002  0.403853510613646E-003  0.551439356362681E+001
  0.777031217304036E-002 -0.262079726076472E-001 -0.820807549442837E-002 -0.109746491377107E-001  0.935051006487775E-003  0.548783368883310E+001
 -0.487734638807225E-002 -0.399712353442172E-002 -0.467369197125234E-002  0.709367797102356E-002  0.111929168137403E-003  0.552898978075062E+001
  0.798434026060524E-002 -0.623012053871519E-002  0.933633443237603E-002  0.190150048842592E-001  0.551301642705615E-003  0.550702115702221E+001
 -0.636809469318467E-002 -0.248555291165238E-001 -0.490450385627428E-002  0.257142229667084E-002  0.689016328387753E-003  0.550013542273810E+001
  0.134686394793571E-002 -0.110283113383969E-001 -0.141011580735225E-001  0.790757575790457E-002  0.384810106852332E-003  0.551534573381487E+001
 -0.142307112526201E-001 -0.907159362153176E-002 -0.828363555060152E-002  0.726840177355936E-002  0.406255235866734E-003  0.551427347736415E+001
 -0.178421890575753E-002 -0.215982192202557E-002  0.175293434874635E-002  0.165037896480800E-001  0.283296119417611E-003  0.552042143318661E+001
 -0.861373380134201E-002  0.121262774729258E-001  0.729571241111482E-002  0.131176293804056E-001  0.446542635498146E-003  0.551225910738258E+001
 -0.785435655451105E-002  0.228009558083195E-001 -0.195588048116224E-002 -0.118868370876418E-001  0.726696867063060E-003  0.549825139580434E+001
  0.631061827652268E-002 -0.664242216903255E-002 -0.248105327946530E-001 -0.659014249920709E-002  0.742938191018042E-003  0.549743932960659E+001
  0.820598457929300E-002 -0.212236490311225E-001  0.647070834636843E-002 -0.439374555474303E-002  0.578956527615448E-003  0.550563841277672E+001
 -0.103865681558066E-001 -0.565016157580644E-003  0.557037604792776E-002  0.300728146240203E-002  0.148272872422978E-003  0.552717259553634E+001
 -0.267795589069018E-001 -0.398402206581394E-002 -0.513160886010322E-002 -0.124177410979609E-002  0.760892619501963E-003  0.549654160818239E+001
 -0.829489130992178E-002  0.263446850908089E-002  0.411330092737372E-002 -0.436733245844367E-004  0.926667980471685E-004  0.552995289925513E+001
  0.161983940542527E-001 -0.650220091462317E-002 -0.240935172197480E-001 -0.776705421409596E-002  0.945491289853973E-003  0.548731167466479E+001
 -0.171040498983903E-001 -0.615287354212068E-002 -0.476549530683124E-002  0.133836924742772E-001  0.532239545517408E-003  0.550797426188162E+001
 -0.921280163064719E-002  0.330198682525173E-002  0.137024212373895E-001  0.142869356228374E-001  0.487651708137757E-003  0.551020365375060E+001
  0.116948630534086E-002 -0.835363501245157E-002 -0.518841168564377E-003 -0.273739854566690E-002  0.789134630956530E-004  0.553064056600271E+001
  0.287527039012647E-002 -0.994035374469404E-003  0.138840685274524E-001 -0.116025062799103E-001  0.336640796992387E-003  0.551775419930787E+001
  0.237136638484474E-001 -0.128024373561348E-001  0.568712260864945E-002  0.916021239125420E-002  0.842493109993618E-003  0.549246158365781E+001
  0.224619595986790E-001  0.754592575400226E-003 -0.191369830641475E-002  0.724526715823637E-002  0.561265176369731E-003  0.550652298033901E+001
 -0.238927321747939E-001  0.147894837555391E-001  0.685718966298565E-002 -0.698480492499709E-002  0.885400030446210E-003  0.549031623763518E+001
 -0.135455334156558E-001 -0.133148205683131E-002  0.808645544604403E-002 -0.196430644191904E-001  0.636495061439630E-003  0.550276148608551E+001
 -0.142554169278434E-001 -0.734997588474062E-002 -0.178532885226834E-001  0.157614351933666E-002  0.578463196760639E-003  0.550566307931946E+001
 -0.110432822142611E-001  0.110426124370557E-001  0.101681566370435E-001  0.890987651834951E-002  0.426670680466521E-003  0.551325270513416E+001
  0.205141123017438E-002  0.173463056385277E-001 -0.580161142778257E-003  0.639851343552689E-002  0.346380168476711E-003  0.551726723073366E+001
  0.887166214353940E-002  0.121507713395532E-001  0.200468006288101E-002 -0.833512159272010E-002  0.299840627455160E-003  0.551959420778473E+001
 -0.229690153227349E-001  0.141945747441381E-001  0.678144294454985E-002 -0.481988314704096E-002  0.798280859024267E-003  0.549467219620628E+001
 -0.178519017708171E-001  0.159600135573263E-001 -0.917707892096231E-002  0.165992527776679E-001  0.933166399883430E-003  0.548792791916332E+001
  0.121247556295954E-001 -0.136417938519270E-001  0.586203367545846E-002  0.156577909655655E-001  0.612638095309432E-003  0.550395433439202E+001
  0.720943759187453E-002 -0.115014511604260E-001  0.242600179801078E-001 -0.114320913155824E-001  0.903500553429767E-003  0.548941121148600E+001
 -0.108762828790931E-001  0.116150540911963E-003  0.119650820949040E-001  0.140385692348766E-001  0.458551635914424E-003  0.551165865736177E+001
  0.174843583120854E-002  0.150217211745989E-001 -0.341691261862942E-002 -0.511740086260026E-002  0.266572218335137E-003  0.552125762824073E+001
  0.617051915275746E-002  0.103585302747145E-002  0.158658436147978E-001  0.388412448203623E-002  0.305959714710242E-003  0.551928825342198E+001
  0.222756293278239E-001 -0.611286615724527E-002  0.361467261281456E-002 -0.141174341473870E-001  0.745938599610642E-003  0.549728930917696E+001
 -0.126579286770088E-001 -0.391927331237385E-002  0.144650539187448E-001 -0.921858398852171E-003  0.385671469469054E-003  0.551530266568404E+001
  0.886437388017303E-002 -0.188952301324853E-001 -0.108744485413981E-002  0.783180226926206E-002  0.498126509142687E-003  0.550967991370036E+001
 -0.269932329292312E-001  0.109642979662894E-002 -0.315621832106272E-002 -0.129952426096146E-001  0.908674826843621E-003  0.548915249781531E+001
  0.102482637056220E-001  0.147102983092058E-001 -0.234062290527917E-001  0.808534333195610E-002  0.934644120593148E-003  0.548785403312783E+001
 -0.113223125422532E-001 -0.576642513417691E-002  0.728329761511781E-002  0.188504068584754E-001  0.569830683012969E-003  0.550609470500684E+001
 -0.577390406140033E-002 -0.247481436967623E-002 -0.192026630109348E-001  0.524423176685018E-002  0.435706907810574E-003  0.551280089376696E+001
  0.281845945779047E-001  0.656323672893255E-002 -0.580793686294490E-004  0.884954309958230E-002  0.915765234165288E-003  0.548879797744923E+001
 -0.146232251491056E-001  0.206653080264900E-001 -0.894217570816336E-002  0.124924565242253E-001  0.876917645996474E-003  0.549074035685767E+001
  0.590582542364659E-003 -0.966926731741025E-002 -0.511525984606975E-002 -0.227305235187704E-001  0.636686100925070E-003  0.550275193411124E+001
 -0.835805256938305E-002  0.861542016500438E-002  0.117076638140061E-001  0.148641827974769E-001  0.502095829590732E-003  0.550948144767795E+001
 -0.185305102069889E-001 -0.243787079296375E-001  0.825779156874429E-003  0.226345229059799E-002  0.943506336337631E-003  0.548741092234061E+001
 -0.942393789572904E-002  0.139559530951425E-001 -0.440041888918974E-002 -0.143687888378563E-001  0.509405011323618E-003  0.550911598859131E+001
 -0.108025267624569E-001  0.313037056994481E-002  0.231569234603688E-001  0.112267960250159E-001  0.788777857495464E-003  0.549514734628272E+001
 -0.310512793725948E-002 -0.380578763550832E-002  0.174671214946014E-001 -0.258995965223829E-003  0.329293251250505E-003  0.551812157659497E+001
 -0.915463903463054E-002 -0.158594361358211E-001  0.299713005536728E-002 -0.117174149393340E-002  0.345684897097960E-003  0.551730199430259E+001
 -0.558507781366224E-002 -0.281599703109590E-001 -0.936126288577221E-002  0.186645427637866E-002  0.915293916481101E-003  0.548882154333344E+001
 -0.101156389619408E-001 -0.161346502042148E-001 -0.434115089686093E-002 -0.619587176982894E-002  0.419887506918182E-003  0.551359186381158E+001
 -0.109835546662463E-001 -0.115194639741214E-001 -0.320604440775629E-002  0.136515223617613E-001  0.449979306895676E-003  0.551208727381271E+001
  0.927025666438630E-002 -0.134014842770480E-001 -0.230209190627871E-001 -0.947370162356620E-002  0.885251176399321E-003  0.549032368033753E+001
  0.186862692515843E-001  0.903745963175062E-002  0.127182736734948E-001 -0.153887932735085E-001  0.829421778786919E-003  0.549311515021815E+001
  0.291056631780513E-001 -0.179373307175168E-002 -0.605456314293495E-002 -0.250704850615224E-002  0.893300134430854E-003  0.548992123243595E+001
  0.856198457861312E-002 -0.170580608206952E-001 -0.212343874770871E-001  0.267440590688617E-002  0.822336677368804E-003  0.549346940528905E+001
 -0.120814117862147E-001 -0.146479744426911E-001 -0.531212728055663E-002 -0.404430366099107E-002  0.405098754368957E-003  0.551433130143904E+001
  0.200393854628453E-001 -0.657178145171089E-002 -0.116561273136485E-001  0.467082464214963E-002  0.602447187967243E-003  0.550446387975913E+001
 -0.207952934079983E-001 -0.100566812890357E-002 -0.102247574155861E-001  0.118952157938912E-001  0.679497419301054E-003  0.550061136819244E+001
  0.109171525063232E-001  0.161526650160639E-001  0.751481616007532E-002 -0.991039415854078E-002  0.534781180264863E-003  0.550784718014425E+001
 -0.157729331530457E-001 -0.963376757106893E-003 -0.702450612869454E-002  0.236942735467085E-001  0.860475800284900E-003  0.549156244914325E+001
 -0.439126108284338E-003 -0.413712073845662E-004 -0.254315637499003E-003 -0.154548521131742E-001  0.239111673599339E-003  0.552263065547752E+001
  0.126345369575938E-001 -0.937958813368311E-002 -0.138386166740965E-001  0.111107331855442E-001  0.562563901063266E-003  0.550645804410433E+001
  0.281574581921697E-001 -0.890049779581481E-002 -0.527970214176898E-002  0.441485433547006E-002  0.919427506366310E-003  0.548861486383918E+001
  0.512423874161527E-002 -0.450151040239832E-002  0.470657076939163E-002  0.282249620697117E-002  0.766397118296295E-004  0.553075425356601E+001
 -0.144785732764735E-001  0.128944137786959E-001 -0.157601917814016E-001  0.962330567533032E-002  0.716886647925841E-003  0.549874190676120E+001
  0.216809795104236E-001  0.139219504865755E-001  0.755448543202730E-002  0.606118635168151E-002  0.757693808014590E-003  0.549670154875676E+001
  0.261425330633713E-002  0.515652210084427E-002 -0.204740226486385E-001 -0.427968625096176E-002  0.470925358349824E-003  0.551103997124000E+001
  0.366020971825631E-002 -0.168306940052145E-001  0.140294207038851E-001 -0.888102489247977E-002  0.572366644306228E-003  0.550596790694218E+001
  0.115054227922371E-001 -0.937679461102470E-002 -0.338263248069048E-002 -0.700152392594333E-002  0.280762570590450E-003  0.552054811062797E+001
  0.149321920664378E-001  0.372303359761350E-004  0.178969226208125E-001  0.120159326366971E-001  0.687654222431899E-003  0.550020352803590E+001
 -0.480156415287247E-002  0.113334207284812E-001  0.107399065392224E-001  0.163112713149074E-001  0.532904608102670E-003  0.550794100875236E+001
  0.951315757495652E-002 -0.228762724801437E-001 -0.327753132907838E-002  0.113162970636556E-001  0.752624800477721E-003  0.549695499913360E+001
  0.963326640096174E-002 -0.115111831635000E-001 -0.160683226392573E-001 -0.132558060622570E-001  0.659214546174980E-003  0.550162551184874E+001
 -0.206228977643309E-001  0.977901072455101E-003 -0.217641715216803E-001  0.626150842330220E-002  0.939145852465758E-003  0.548762894653420E+001
  0.243665121195198E-001 -0.170063636505112E-001  0.234444108083132E-002  0.296773498043557E-002  0.897247172379725E-003  0.548972388053850E+001
  0.274448198748940E-001 -0.798015985416434E-002 -0.715153736411656E-002 -0.551191256810979E-002  0.898426756092235E-003  0.548966490135288E+001
  0.107980431260462E-001  0.154744869222734E-003 -0.114796214717383E-001  0.191423861860696E-001  0.614834339357525E-003  0.550384452218962E+001
  0.229091296872985E-003  0.317268898424294E-002 -0.301956629643043E-001 -0.288205288550725E-002  0.930202728901759E-003  0.548807610271240E+001
  0.759524024503255E-002 -0.159516308940590E-001  0.219083981023327E-002 -0.914775525719080E-002  0.400623407879626E-003  0.551455506876351E+001
 -0.189755163677221E-001 -0.192274223574928E-001 -0.409565911456400E-002 -0.795004498019714E-002  0.809741630704970E-003  0.549409915762224E+001
 -0.765247671630331E-002 -0.104735772131258E-001  0.210582655662479E-001 -0.179394125866813E-001  0.933529292146674E-003  0.548790977455016E+001
 -0.594981952272133E-002 -0.111516410634235E-001 -0.407250799509318E-002 -0.121544179036538E-001  0.324074646707146E-003  0.551838250682213E+001
 -0.597767770801672E-003  0.125368217938207E-001  0.122248963804139E-001 -0.199001224666318E-001  0.702992192696625E-003  0.549943662952266E+001
 -0.128585978802968E-001 -0.130790392353314E-001 -0.164494681145112E-001 -0.157456342804093E-001  0.854914806909231E-003  0.549184049881203E+001
 -0.104192254461913E-001  0.144561124457674E-001  0.158648901872427E-001 -0.526293930565747E-002  0.596932716731535E-003  0.550473960332091E+001
  0.619329461468521E-002 -0.308217956466283E-002  0.223495378611664E-001  0.118000341289204E-001  0.686599377104512E-003  0.550025627030227E+001
  0.484023261112343E-002  0.763044476225017E-002  0.162154555160712E-001 -0.169475299013785E-001  0.631811306351335E-003  0.550299567383992E+001
 -0.886458850145033E-002 -0.119102578964004E-001 -0.122245962291045E-003 -0.113256538749611E-001  0.348720552229532E-003  0.551715021154601E+001
  0.131353901215199E-001  0.109827991326972E-003 -0.583763540464888E-002  0.150931498239824E-001  0.434431694558989E-003  0.551286465442954E+001
 -0.228855125126921E-001  0.126985533227097E-003  0.123859126408681E-001  0.158766755213247E-002  0.679694328497546E-003  0.550060152273261E+001
  0.846142637744851E-004  0.858008916563513E-002 -0.238274966287689E-001 -0.361076422025319E-002  0.654412303512139E-003  0.550186562398188E+001
  0.947619233193864E-002 -0.934973858125543E-002 -0.420239362963026E-002 -0.256939546715245E-001  0.855055251530420E-003  0.549183347658097E+001
  0.146149882867541E-002  0.100353103820439E-002  0.303296889139737E-001 -0.364941170400679E-002  0.936351288774620E-003  0.548776867471876E+001
 -0.133915052275239E-001 -0.706463056185880E-002  0.172613980992873E-001 -0.397454888363513E-003  0.527355251964711E-003  0.550821847655926E+001
 -0.200210445061243E-001  0.130984956464355E-001 -0.986667274065933E-003  0.120501892863767E-001  0.718593385463120E-003  0.549865656988433E+001
 -0.175649970563809E-001  0.141712849711739E-002  0.716228300761501E-002  0.216958532306886E-001  0.832545720056763E-003  0.549295895315465E+001
 -0.741515887799249E-002  0.356039261168206E-002  0.638465305375702E-002 -0.223397388618068E-001  0.607488703765763E-003  0.550421180396920E+001
 -0.710387196718532E-002 -0.807723159611218E-002  0.164981653397163E-001  0.137747462378708E-001  0.577639760677745E-003  0.550570425112360E+001
  0.131020794080610E-001 -0.285788499995099E-002 -0.472686223795415E-002  0.258346364911315E-001  0.869603660733580E-003  0.549110605612081E+001
  0.237513770784203E-001  0.133051643409987E-001 -0.818657981686055E-002  0.391821256638636E-002  0.823527790075511E-003  0.549340984965372E+001
  0.152448700318613E-001 -0.754047382722678E-002 -0.297091080018896E-002  0.177239237319442E-001  0.612228591265888E-003  0.550397480959420E+001
  0.359425839382110E-002  0.112607044851987E-001 -0.780645803159830E-002 -0.263340484703289E-001  0.894145054741266E-003  0.548987898642043E+001
  0.199134935385694E-001 -0.300206543779857E-002  0.900833898755615E-002  0.117507183858920E-001  0.624789175702736E-003  0.550334678037235E+001
 -0.152201094035511E-001 -0.100353628300776E-001  0.202857054107657E-001 -0.105487862335863E-001  0.855146972401637E-003  0.549182889053741E+001
  0.131490512669994E-001 -0.153969440285775E-001  0.112465514643518E-001  0.465005281913289E-004  0.536450516780763E-003  0.550776371331845E+001
  0.222111341978248E-003  0.449801978835285E-002  0.147360678880279E-001  0.373307400826550E-002  0.251369053816405E-003  0.552201778646667E+001
  0.108358530265198E-001 -0.242276894858832E-001  0.811719897800733E-002  0.916701430777378E-003  0.771125909398464E-003  0.549602994368757E+001
 -0.195994046789484E-001  0.113628617767281E-001 -0.520372422273474E-002  0.164448351740187E-001  0.810762641213132E-003  0.549404810709683E+001
  0.208667222267722E-001 -0.176960071870472E-001  0.140983026373629E-001 -0.107968968410899E-002  0.948496633921941E-003  0.548716140746139E+001
  0.995913793460912E-002  0.152591697261091E-001 -0.145665672264802E-001  0.150082859646017E-001  0.769460217489601E-003  0.549611322828301E+001
 -0.375500521154382E-002  0.347365900828667E-002 -0.126135133534548E-001  0.708120895660280E-002  0.235410610449428E-003  0.552281570863502E+001
 -0.641239320243203E-002  0.500551001269978E-002  0.211074343751985E-001  0.522634882309969E-003  0.511970850193351E-003  0.550898769664782E+001
  0.264830967280383E-002  0.865200994257709E-002  0.109486835008155E-001 -0.130819548679785E-001  0.372882033738373E-003  0.551594213747057E+001
  0.638873526257977E-002  0.487802166766271E-002  0.340067510314390E-002  0.242316400180302E-001  0.663348002766065E-003  0.550141883901919E+001
 -0.167844522219985E-001 -0.154942271267099E-001  0.119470617557611E-001  0.165845804466989E-001  0.939569503835620E-003  0.548760776396571E+001
  0.209901429981709E-001 -0.300497814934220E-002  0.122011399457671E-001  0.170169922147134E-002  0.601379592978238E-003  0.550451725950858E+001
 -0.105295092848474E-001  0.119212765137799E-002 -0.764309517790296E-002 -0.169573122535720E-001  0.458259076880495E-003  0.551167328531347E+001
 -0.117933878845108E-001  0.609059016548041E-002 -0.180696115562561E-001  0.179684540180678E-001  0.825555487951772E-003  0.549330846475990E+001
 -0.953688153524646E-002 -0.488465951484984E-002 -0.118994092481791E-001 -0.170097754385673E-001  0.545740408919476E-003  0.550729921871152E+001
  0.121701122587770E-001 -0.140043745777012E-001  0.631029541604522E-002  0.237305530398046E-001  0.947193115516540E-003  0.548722658338166E+001
 -0.109974968955697E-001  0.118433363293371E-001  0.351385186920217E-002  0.810041090139402E-002  0.339173365107980E-003  0.551762757090209E+001
  0.196504656346397E-002  0.134704487078954E-001 -0.540321983735115E-002  0.460055969924311E-002  0.235674330545667E-003  0.552280252263021E+001
  0.319087824978181E-002  0.231304850432152E-001  0.361771398159050E-002  0.119198297201879E-001  0.700371237350205E-003  0.549956767728998E+001
 -0.232950005267110E-001  0.121716107919765E-001 -0.908527951070881E-003 -0.128123440300668E-001  0.855786741393488E-003  0.549179690208782E+001
  0.241264199607270E-001 -0.262718109231641E-002  0.936087516172868E-002  0.222274692605495E-002  0.681552808303944E-003  0.550050859874229E+001
  0.546394237049497E-002 -0.187891332987606E-001  0.133246622199648E-001  0.971512426653631E-002  0.654816459137085E-003  0.550184541620064E+001
  0.293539153499056E-002  0.144512267268129E-001 -0.123666079892459E-002  0.221902200431159E-001  0.711389672866943E-003  0.549901675551414E+001
 -0.117173445023933E-003 -0.314599649067360E-002 -0.215321865736277E-001 -0.864247614202363E-002  0.548238476042508E-003  0.550717431535537E+001
 -0.346234578564519E-002 -0.101856120037987E-001 -0.163048116955491E-001  0.111879542462991E-001  0.506751734875902E-003  0.550924865241370E+001
 -0.150180384066889E-002 -0.220444189558899E-001  0.151918947943612E-001  0.776212452375180E-002  0.779256066443816E-003  0.549562343583530E+001
 -0.117908325834559E-002 -0.293287673883502E-002 -0.613390778115441E-002 -0.246354622171980E-001  0.654522826618009E-003  0.550186009782659E+001
  0.396856914612376E-002  0.582561749286303E-002 -0.262607939514290E-001  0.111310604760408E-001  0.863217166521405E-003  0.549142538083142E+001
 -0.365797605615015E-002 -0.222088674252160E-001 -0.224099138213607E-002  0.670211967175316E-003  0.512085807593941E-003  0.550898194877779E+001
  0.327307782301567E-002 -0.129818714520514E-001 -0.892001967372680E-002  0.131680893258157E-001  0.432207352305439E-003  0.551297587154222E+001
  0.379742861039345E-002 -0.183188762876740E-002  0.155988773667035E-001  0.646943599698435E-002  0.302954853555998E-003  0.551943849647969E+001
 -0.238691668971250E-001 -0.495685185233719E-002  0.605256723882430E-002 -0.106280918893833E-001  0.743897416038492E-003  0.549739136835557E+001
  0.227955157591198E-002  0.708233043419981E-002  0.150904753897820E-001 -0.180799743734428E-001  0.609963680600400E-003  0.550408805512747E+001
 -0.408362021021202E-002 -0.226254317553808E-001  0.164059514206616E-002  0.409454134697063E-003  0.531445321247237E-003  0.550801397309513E+001
 -0.233423102416375E-002 -0.286729622358695E-002  0.150757005837461E-001 -0.154848126184859E-002  0.243344564417022E-003  0.552241901093664E+001
  0.347579023367861E-002  0.194430832783432E-002  0.725711329342071E-002  0.223580118996927E-001  0.568407842082564E-003  0.550616584705336E+001
  0.327783353341204E-002 -0.676079453914125E-003 -0.771184803892433E-002  0.168805298271313E-001  0.355626163520895E-003  0.551680493098145E+001
  0.215878891754029E-002 -0.147832702277584E-001 -0.131064538099986E-001 -0.339358767360176E-002  0.406501016989472E-003  0.551426118830802E+001
 -0.549101431904775E-002 -0.654748628034052E-003  0.163813738852352E-001 -0.479538177402772E-002  0.321925030744443E-003  0.551848998762027E+001
  0.147491320391751E-001  0.197004756139811E-001 -0.439964746824162E-002  0.216374408488873E-003  0.625049351055539E-003  0.550333377160471E+001
  0.695421498692594E-002  0.588536321287347E-002  0.424234181373295E-002  0.245201765082446E-001  0.702235126291845E-003  0.549947448284290E+001
  0.674312222690321E-002  0.367458325574299E-002 -0.122794032637540E-001 -0.238601002533971E-001  0.779060388086397E-003  0.549563321975317E+001
  0.212136668618479E-001 -0.529288770590597E-002  0.377512751867615E-002  0.903882973873227E-003  0.493102914205518E-003  0.550993109344722E+001
 -0.308875150226740E-002  0.840197857329783E-002 -0.655857939002469E-002  0.107952345563156E-002  0.124313964295430E-003  0.552837054094272E+001
  0.814460161645325E-002 -0.957743994636395E-002  0.157435077924977E-001  0.204139438700899E-001  0.822649033360556E-003  0.549345378748946E+001
 -0.201405884472964E-001 -0.293657673410619E-002 -0.117741839117323E-001  0.176900900938528E-001  0.865837480234588E-003  0.549129436514576E+001
 -0.645342624797551E-002 -0.868490279032252E-002 -0.280911656596786E-001  0.132208339911344E-003  0.906205313980061E-003  0.548927597345849E+001
 -0.155415880803342E-001 -0.175829828331824E-001  0.114071799652997E-001 -0.130657997138585E-001  0.851541122294173E-003  0.549200918304278E+001
  0.190709168714056E-001  0.367604842576186E-002 -0.128141194224513E-001  0.148640490340977E-001  0.762354812605511E-003  0.549646849852722E+001
  0.176353809167695E-002  0.112041063869024E-001  0.230421583931273E-002  0.794860828179811E-002  0.197131850781432E-003  0.552472964661842E+001
  0.605238928785168E-002  0.124190794305881E-001 -0.112986011721723E-001 -0.121851177076381E-001  0.467000431991766E-003  0.551123621755790E+001
 -0.461710337055954E-002 -0.430861124082282E-002 -0.242560698261023E-001 -0.107240079597075E-001  0.743243044487597E-003  0.549742408693311E+001
 -0.747980284179084E-002  0.927998644139461E-002  0.346823456820089E-002 -0.254500132839557E-001  0.801797426078114E-003  0.549449636785359E+001
  0.636720348324959E-002  0.280088453792671E-001  0.405949872648304E-004  0.567121932910908E-002  0.857201076308647E-003  0.549172618534206E+001
  0.143231075898675E-001  0.218476295598293E-001 -0.801159725534828E-002  0.374165471376142E-002  0.760655998993367E-003  0.549655343920782E+001
  0.784239314299051E-002 -0.203203440956568E-002  0.123657265338930E-001  0.332027511529631E-002  0.229567713603165E-003  0.552310785347733E+001
 -0.135219953784652E-001 -0.107860520665849E-001  0.862170127438877E-002  0.204524099975458E-001  0.791818085770824E-003  0.549499533486895E+001
 -0.272929640822550E-002  0.319417544067302E-002 -0.139376693444501E-001 -0.773194992238901E-002  0.271693491987306E-003  0.552100156455813E+001
  0.209530524076840E-002  0.151879290779189E-001  0.301560990688188E-002 -0.230526377716345E-001  0.775581505068558E-003  0.549580716390406E+001
 -0.120865731864743E-001 -0.137480869985719E-001  0.365586297552412E-002  0.123390774747814E-001  0.500713314536766E-003  0.550955057343065E+001
  0.533942526389453E-002  0.215368359984052E-001 -0.105996211485547E-001  0.133423167419890E-001  0.782714151507366E-003  0.549545053158212E+001
  0.232532185055525E-001  0.133360962111884E-001  0.707819371372298E-002  0.129196998532419E-001  0.935583103567889E-003  0.548780708397910E+001
 -0.177057522082861E-001 -0.434009171459637E-002  0.130175692411945E-001 -0.383479840850187E-003  0.501934223089966E-003  0.550948952800299E+001
 -0.135730867449219E-001 -0.128767205819954E-001  0.945272005209530E-002 -0.205469507436320E-001  0.861569717976482E-003  0.549150775325867E+001
  0.570212388268598E-002  0.116989102811451E-001  0.144473600924959E-001 -0.139694863587979E-001  0.573251481310665E-003  0.550592366509196E+001
  0.121180982629783E-001  0.204436671961965E-001  0.115786052911435E-001  0.139666642102894E-001  0.893923643591112E-003  0.548989005697794E+001
  0.240869203655070E-002 -0.997663351050904E-002  0.731901800601142E-002  0.236909717818499E-001  0.720165182070681E-003  0.549857798005396E+001
 -0.274918467553492E-001  0.613277482651498E-002 -0.249440960330838E-002  0.635091176002445E-002  0.839968724545035E-003  0.549258780293024E+001
 -0.114935615633366E-001 -0.230164553222678E-001  0.976078437285488E-002  0.236026000527523E-002  0.762702911878028E-003  0.549645109356359E+001
 -0.182227778565380E-001  0.225450061486376E-002 -0.641055767066412E-003  0.385710727761479E-002  0.352440634878672E-003  0.551696420741356E+001
 -0.153409617512046E-001  0.127423196486429E-001  0.131570846478870E-001 -0.160608696500624E-001  0.828772227828072E-003  0.549314762776609E+001
 -0.999082506750615E-002 -0.206021353426276E-001 -0.201603623165674E-001 -0.118950356584557E-002  0.932119693673882E-003  0.548798025447380E+001
  0.208437165206135E-001  0.195980293504665E-001 -0.176967770333247E-002  0.108825236938987E-001  0.940104353935381E-003  0.548758102146072E+001
  0.959792838649220E-002 -0.221565685485907E-001  0.130092510548123E-001 -0.121522354256258E-001  0.899951198007603E-003  0.548958867925711E+001
  0.351873429858585E-002  0.767218152974602E-002 -0.226562801920582E-002  0.682087269048548E-002  0.122901235070642E-003  0.552844117740396E+001
  0.176327816569757E-001 -0.191724813458420E-001  0.337600241214853E-002 -0.144407681861958E-001  0.898432208013516E-003  0.548966462875681E+001
 -0.327368361406455E-003 -0.142207351528076E-001  0.146606582618727E-001 -0.201310882240242E-001  0.822532092085211E-003  0.549345963455323E+001
 -0.182150157848103E-001  0.556360189562644E-002 -0.645622984591609E-002 -0.203385412269745E-001  0.818079629158548E-003  0.549368225769956E+001
 -0.195039695973934E-001  0.101912951084593E-002  0.647962658099299E-003  0.201949232221079E-001  0.789698234569049E-003  0.549510132742904E+001
 -0.108375183337543E-001  0.395314538017377E-002  0.144070643843279E-001 -0.750577064180946E-002  0.396979259132870E-003  0.551473727620085E+001
  0.122278160353246E-001  0.924059815908973E-002  0.216753341702258E-002 -0.777086478055145E-002  0.299992679883039E-003  0.551958660516334E+001
  0.261164376170786E-002  0.228706537143175E-002  0.133242803431723E-001  0.574582073655616E-002  0.222602253751358E-003  0.552345612646992E+001
  0.108446900317589E-001  0.401762184907128E-002  0.720972696212852E-002 -0.916535104564919E-002  0.269732409865492E-003  0.552109961866422E+001
 -0.132932376493546E-001  0.180247078753792E-002 -0.183493574442822E-001  0.204219047437355E-001  0.933712180122390E-003  0.548790063015137E+001
 -0.406035576297070E-002  0.226504463175254E-001 -0.119053573945480E-001 -0.149467762713598E-001  0.894672862902993E-003  0.548985259601234E+001
  0.650922676123544E-003 -0.722848932220022E-002  0.215934807050897E-001  0.887544024476905E-002  0.597726606711002E-003  0.550469990882194E+001
  0.175760968666319E-001  0.135301514232804E-001  0.144981038803258E-001 -0.602220739019077E-002  0.738446176577309E-003  0.549766393032863E+001
 -0.533921164989648E-002  0.607311944035138E-002 -0.483519596036153E-002  0.572654013384599E-002  0.121562342658809E-003  0.552850812202455E+001
  0.529871627117928E-002 -0.387765650196958E-002  0.687936884517115E-002 -0.208922586780513E-002  0.948031945043447E-004  0.552984607943227E+001
 -0.905551496856283E-002  0.970034791651964E-002 -0.104401999144919E-001 -0.136801938785408E-001  0.472244579856413E-003  0.551097401016467E+001
