  0.123195829205642E-013 -0.898159285199594E+001  0.999220157594830E+000  0.999953234091942E+000  0.145184087862467E+000  0.250058800018940E+000
  0.220949240161696E-013 -0.102154880895106E+002  0.999280626103425E+000  0.999444820983865E+000  0.873581747761315E-001  0.228130287347116E+000
  0.221592395818970E-013 -0.102868810287118E+002  0.999056614672209E+000  0.999879407897789E+000  0.696588837701564E+000  0.285535321995049E+000
  0.301065459625247E-013 -0.109654368254676E+002  0.999268051616669E+000  0.999422341745461E+000  0.349788228183608E+000  0.244295206035693E+000
  0.293820474668779E-013 -0.109822989421272E+002  0.999383794684309E+000  0.999605361140998E+000  0.311103612092403E-001  0.214238960914052E+000
  0.624161218482347E-013 -0.125547580827776E+002  0.999584863853967E+000  0.999345781870326E+000  0.113499210511757E+001  0.292271230796869E+000
  0.138289225710564E-012 -0.142113851793757E+002  0.999027391798737E+000  0.999899610414464E+000  0.137851686033827E+001  0.291001692608393E+000
  0.717307268629741E-011 -0.221744489429420E+002  0.999663476829904E+000  0.999616299080542E+000  0.876175055678456E-001  0.148125579530826E+000
  0.130243729146393E-010 -0.234330052512262E+002  0.999313420221158E+000  0.999465140160403E+000  0.196914660131254E+001  0.249865900871075E+000
  0.435146710883801E-010 -0.259111363086753E+002  0.999580740811535E+000  0.999498828782732E+000  0.164237395818682E+001  0.218838946875048E+000
  0.529962421636604E-010 -0.263709616759879E+002  0.999626777642829E+000  0.999329825150420E+000  0.857251903781834E+000  0.175847869202925E+000
  0.218302799747890E-009 -0.292678654821109E+002  0.999831229863111E+000  0.999892478923124E+000  0.774640077674839E+000  0.161067898368547E+000
  0.264705499326757E-009 -0.297189147197746E+002  0.999821703603081E+000  0.999815800283896E+000  0.270348843618005E+001  0.249680758310444E+000
  0.111950326491594E-008 -0.326685393008740E+002  0.999065638646815E+000  0.999267053560657E+000  0.727981447144198E+000  0.148474927458974E+000
  0.137115150469617E-008 -0.331396506019690E+002  0.999944368504905E+000  0.999614580378826E+000  0.235188449241658E+001  0.219076149733154E+000
  0.177231069065809E-008 -0.337184967855348E+002  0.999142628066198E+000  0.999335000849144E+000  0.200478205823944E+001  0.202183849019186E+000
  0.649614028944468E-008 -0.363819244887115E+002  0.999122738436343E+000  0.999596524437684E+000  0.837099813004396E+000  0.143842932510181E+000
  0.153827742344762E-006 -0.427767545768619E+002  0.999584625008206E+000  0.999259845144338E+000  0.566731468720534E+000  0.119402052976511E+000
  0.215387369479982E-006 -0.435155436331708E+002  0.999471813767634E+000  0.999490859687845E+000  0.778244212308270E+000  0.126517105290198E+000
  0.236682151617386E-006 -0.437696832450263E+002  0.999420856747316E+000  0.999555148255787E+000  0.169038355388892E+001  0.160710925965010E+000
  0.256747480602309E-006 -0.439980127457027E+002  0.999078354552741E+000  0.999804923174619E+000  0.764070530797260E-001  0.976350347112044E-001
  0.952404551038679E-005 -0.512905562913068E+002  0.999193537186308E+000  0.999004382516591E+000  0.150566427517289E+001  0.139375146668681E+000
  0.137037875650131E-004 -0.520838410411849E+002  0.999023541851690E+000  0.999815571379378E+000  0.936718083236585E+000  0.118677584256299E+000
  0.196990884640858E-004 -0.528752208960120E+002  0.999536151323633E+000  0.999413597419112E+000  0.273522556811038E+001  0.176000505551023E+000
  0.260390287426055E-004 -0.534988488499757E+002  0.999464396444995E+000  0.999111131007529E+000  0.179752715205996E+000  0.901968379138485E-001
  0.572407895360413E-004 -0.551397689557243E+002  0.999725092066542E+000  0.999941939573194E+000  0.190754128027675E+001  0.146043369532683E+000
  0.861385476752890E-004 -0.560227291441878E+002  0.999974331133731E+000  0.999674738780147E+000  0.282062116045998E+001  0.172263499193997E+000
  0.187840636789768E-003 -0.576475826043638E+002  0.999676477907535E+000  0.999238096741239E+000  0.205430706548121E+001  0.146474802471194E+000
  0.102900032534067E-001 -0.657198306866117E+002  0.999974965223687E+000  0.999683679682919E+000  0.105537835458947E+001  0.106081568757243E+000
  0.378731515854436E-001 -0.683915495194505E+002  0.999748171472767E+000  0.999951700195344E+000  0.210747382068961E+001  0.132965648283102E+000
  0.100000000000000E+001 -0.750041548038327E+002  0.999720343552328E+000  0.999353238611329E+000  0.126504677896392E+001  0.103250589394966E+000
