  0.999210094957939E+000  0.999703773243699E+000  0.219709431049939E+001  0.366010687362481E-002  0.825542291293139E+004
  0.999586756728791E+000  0.999228371816973E+000  0.320421110698916E+000  0.672901353926063E-001  0.463641315829601E+002
  0.999344150640215E+000  0.999451682002764E+000  0.274726864216887E+001  0.602793746119041E-001  0.140396985347026E+003
  0.999078243444403E+000  0.999081855592572E+000  0.234328675857519E+001  0.765888037973024E-001  0.868087911320883E+002
  0.999747460348094E+000  0.999380973221466E+000  0.221702125664439E+001  0.178198823543401E-002  0.244662621261359E+005
  0.999250614393953E+000  0.999001417971592E+000  0.138682180907303E+001  0.100734764492658E+000  0.409402873682823E+002
  0.999525103128794E+000  0.999901600386011E+000  0.189376871873964E+001  0.522589799026225E-001  0.135619895768225E+003
  0.999701346016413E+000  0.999563420931639E+000  0.186142849480348E+001  0.721822907866063E-001  0.817076307105715E+002
  0.999997205727045E+000  0.999894936006435E+000  0.281436817005838E+001  0.129232714545791E+000  0.440198778830641E+002
  0.999952263928555E+000  0.999570404966273E+000  0.185169259887735E+000  0.108797469535130E-001  0.696446986013667E+003
  0.999445050763366E+000  0.999158361138659E+000  0.995969379208161E+000  0.405772532694696E-001  0.142064024950428E+003
  0.999992603506747E+000  0.999554731731885E+000  0.251331175289617E+001  0.528080609095307E-001  0.161189348516333E+003
  0.999486314090438E+000  0.999502403661882E+000  0.173590582979444E+001  0.556338422162815E-001  0.116803841073442E+003
  0.999653954096625E+000  0.999780200706713E+000  0.291867874096117E+001  0.711419971120389E-002  0.370810156022053E+004
  0.999521168220446E+000  0.999294282001707E+000  0.251177174035497E+001  0.336804873813736E-001  0.319245427063320E+003
  0.999411294550003E+000  0.999999289334458E+000  0.254951561446241E+001  0.172261650863915E-002  0.283127611264223E+005
  0.999439917921291E+000  0.999997313427628E+000  0.118719798191077E+001  0.164554775926187E-001  0.605870274776354E+003
  0.999286611233884E+000  0.999628521214398E+000  0.256969958029936E+001  0.126238080440673E+000  0.426781135966242E+002
  0.999380763643040E+000  0.999546020695300E+000  0.140497171891144E+001  0.853198065474850E-001  0.534681611603450E+002
  0.999390593349494E+000  0.999527289680266E+000  0.164175993471215E+001  0.112008613904405E-001  0.128334061077044E+004
  0.999159290458328E+000  0.999587524436722E+000  0.166839906766160E+001  0.110750663093533E+000  0.392489309125527E+002
  0.999254847587732E+000  0.999527028423722E+000  0.226899399902055E+001  0.577869549980967E-001  0.130847311555029E+003
  0.999078631886230E+000  0.999475538824348E+000  0.271358871465849E+001  0.113096411988815E+000  0.527490082490458E+002
  0.999360758563873E+000  0.999674670746779E+000  0.127932026443350E+001  0.661680478374678E-001  0.754694744710715E+002
  0.999183150416238E+000  0.999827467366393E+000  0.162405923600741E+001  0.900404385983847E-001  0.533960260452177E+002
  0.999680579087901E+000  0.999405161797128E+000  0.142831609374846E+001  0.948081163372906E-001  0.457651062275845E+002
  0.999274876902293E+000  0.999691176115736E+000  0.212161078396969E+001  0.806015407506048E-001  0.750028339440943E+002
  0.999994573883092E+000  0.999222901662322E+000  0.729249993536427E+000  0.620726446440420E-001  0.653398801958819E+002
  0.999746345033562E+000  0.999308866157761E+000  0.227308478168065E+001  0.677011598715552E-001  0.102772789851936E+003
  0.999343536489482E+000  0.999465054478777E+000  0.131950422161675E+001  0.481603167444083E-001  0.124957198886339E+003
